,Unnamed: 0,t[s],P[Pa],T[K],density[kg/m3],mean_MW[kg/mol],gas_mass[kg],gas_volume[m3],reactor_volume[m3],N_agg[mol/kg],N_pri[mol/kg],C_tot[mol/kg],H_tot[mol/kg],A_tot[m2/kg],N_agg[#/cm3],N_pri[#/cm3],N_agg[#/g],N_pri[#/g],d_p[nm],d_m[nm],d_g[nm],d_v[nm],n_p,total_soot_mass[kg],volume_fraction,SSA[m2/g],total_carbon_mass[kg],carbon_yield,total_hydrogen_mass[kg],total_carbon_mass[kg].1,total_hydrogen_mass[kg].1,C_tot_inception[mol/kg-s],C_tot_PAH[mol/kg-s],C_tot_growth[mol/kg-s],C_tot_int[mol],C_tot_inception_int[mol],C_tot_PAH_int[mol],C_tot_growth_int[mol]
0,0,0.0,566437.5000000002,2375.0,1.1116754563090454,0.03875465,1.1116754563090452,0.9999999999999998,0.9999999999999998,1.4901327247760852e-19,1.660539131934866e-24,4.800286584411558e-12,3.321078263869749e-23,1.2567588138810746e-17,0.0997594106953998,1.1116755070483078e-06,89.73789079289232,0.0010000000456421,1.9999399719905624,88.00959055791596,68.22448880458599,88.00959055791596,1.0,6.40950293182867e-14,3.560834962127039e-17,2.179744580432004e-07,0.0172267507328509,3.720668529557468e-12,0.0057828872662223,0.0172267507328509,0.0057828872662223,0.0,0.0,0.0,0.0,0.0,0.0,0.0
1,1,2.2222e-16,566437.5000000001,2374.9999999928805,1.1116754563119486,0.038754649999985,1.1116754563090452,0.9999999999973882,0.9999999999973882,1.660539131934866e-24,1.660539131934866e-24,6.415647815256822e-22,3.321078263869749e-23,1.2567588138810746e-17,1.111675507051211e-06,1.111675507051211e-06,0.0010000000456421,0.0010000000456421,1.9999399719905624,1.9999399719905624,1.5503410635585768,1.9999399719905624,1.0,8.60360215392611e-24,4.779778974415879e-27,1623.8639384947749,0.0172267507327868,4.972723712052352e-22,0.0057828872662223,0.0172267507327868,0.0057828872662223,0.0,0.0,1.3366400004789038e-69,1.6509944703938702e-85,0.0,0.0,1.6509944703938702e-85
2,2,2.222222222e-11,566437.5000000001,2374.9992880251143,1.1116757466175415,0.038754648502754,1.1116754563090452,0.9999997388550598,0.9999997388550598,1.6605391321351593e-24,1.6605391323357034e-24,6.415776914575482e-22,3.321078263869749e-23,1.2567594355211563e-17,1.111675797490907e-06,1.1116757976251644e-06,0.0010000000457627,0.0010000000458835,1.9999399938061573,1.9999399866150311,1.550341074895374,1.9999399850791897,1.0000000001207705,8.603774531647081e-24,4.779875988044363e-27,1623.8322073814516,0.0172267507327868,4.972823776030548e-22,0.0057828872662223,0.0172267507327868,0.0057828872662223,0.0,0.0,1.6317235992169402e-46,1.343657782824409e-57,0.0,0.0,1.343657782824409e-57
3,3,3.506090524098807e-09,566437.5000000001,2374.887749234643,1.111721227078681,0.0387544138816544,1.1116754563090452,0.9999588289145508,0.9999588289145508,1.660539143350945e-24,1.6605391547813497e-24,6.423006083935309e-22,3.3210782638697484e-23,1.256792580528728e-17,1.1117212854630309e-06,1.11172129311562e-06,0.001000000052517,0.0010000000594006,1.999941164939076,1.9999407851394968,1.5503417031885491,1.9999407180024844,1.0000000068835502,8.613427159962434e-24,4.785434332616061e-27,1622.0552394515046,0.0172267507327868,4.978427054597147e-22,0.0057828872662223,0.0172267507327868,0.0057828872662223,0.0,0.0,2.7042912675505028e-36,3.502241481351972e-45,0.0,0.0,3.502241481351972e-45
4,4,3.1045626505412806e-08,566437.5000000001,2374.0112625777374,1.1120786752600973,0.0387525669893187,1.1116754563090452,0.9996374186826684,0.9996374186826684,1.6605398742950985e-24,1.6605406175868434e-24,6.894138361223977e-22,3.3210782638697513e-23,1.258936113174392e-17,1.1120792231834163e-06,1.1120797209729118e-06,0.0010000004927019,0.0010000009403226,2.0000169391216898,1.9999926303012252,1.5503828099955772,1.9999884833334145,1.000000447620534,9.242498707974863e-24,5.1365839337997796e-27,1514.231618847292,0.0172267507327848,5.343598384796293e-22,0.0057828872662222,0.0172267507327848,0.0057828872662222,0.0,0.0,2.015336898861013e-30,2.1702996919873498e-38,0.0,0.0,2.1702996919873498e-38
5,5,8.15925592803719e-08,566437.5000000001,2372.423275084547,1.112726739171173,0.0387492131665219,1.1116754563090452,0.9990552191970232,0.9990552191970232,1.660542333081671e-24,1.660545538245273e-24,8.478956727009983e-22,3.3210782638700134e-23,1.2661462184251425e-17,1.1127289350459623e-06,1.1127310828251611e-06,0.0010000019734178,0.0010000039036124,2.0002718147165437,2.0001670235376947,1.5505210854656142,2.000149158438783,1.0000019301908407,1.1358601107965349e-23,6.3163014692435926e-27,1239.1875211945653,0.0172267507327795,6.571980006383894e-22,0.0057828872662219,0.0172267507327795,0.0057828872662219,0.0,0.0,1.501432511375154e-27,3.31948532750069e-35,0.0,0.0,3.31948532750069e-35
6,6,1.5818488614175133e-07,566437.5000000001,2370.060190173747,1.1136924495551936,0.0387442125475255,1.1116754563090452,0.998188913602715,0.998188913602715,1.6605495337131272e-24,1.6605599485435343e-24,1.312014563876386e-21,3.3210782638988695e-23,1.2872604654741037e-17,1.1136994766644106e-06,1.113706461696136e-06,0.0010000063097394,0.0010000125816969,2.0010181778914333,2.000677726155386,1.5509260183761218,2.0006196976473443,1.000006271917938,1.7555671514895658e-23,9.770846689137351e-27,815.1302353375249,0.0172267507327629,1.016933304354856e-21,0.0057828872662211,0.0172267507327629,0.0057828872662211,0.0,0.0,1.5842393722126797e-25,5.148623836429752e-33,0.0,0.0,5.148623836429752e-33
7,7,2.718555466387847e-07,566437.5,2366.635350485317,1.1150945810215955,0.0387369337026283,1.1116754563090452,0.996933780532394,0.996933780532394,1.6605537461237142e-24,1.660568378650438e-24,1.5835267698230746e-21,3.321078264715539e-23,1.2996122196940978e-17,1.1151044457196852e-06,1.11511427183681e-06,0.0010000088465124,0.001000017658426,2.0014547860487286,2.000976485682139,1.551162900835172,2.000894963883711,1.0000088118356651,2.1180993148185774e-23,1.180341026198821e-26,682.0959703095863,0.0172267507327505,1.2273805145979097e-21,0.0057828872662201,0.0172267507327505,0.0057828872662201,0.0,0.0,3.2850550215862438e-24,1.8630532691687209e-31,0.0,0.0,1.8630532691687209e-31
8,8,4.772918299901012e-07,566437.5,2360.6491062912705,1.1175497282107865,0.0387240241310129,1.1116754563090452,0.9947436147551608,0.9947436147551608,1.6605410292353142e-24,1.660539132331488e-24,7.026719840429724e-22,3.3210782849870653e-23,1.256758814336656e-17,1.1175510561092982e-06,1.1175497794850917e-06,0.0010000011882231,0.001000000045881,1.999939971995322,2.0000382254266613,1.550417229012916,2.0000382254262763,1.000000000000025,9.419525926218543e-24,5.2607223423076025e-27,1483.204079845857,0.0172267507327864,5.4463613612579295e-22,0.0057828872662213,0.0172267507327864,0.0057828872662213,0.0,0.0,2.226853854399609e-25,8.729407497615112e-31,0.0,0.0,8.729407497615112e-31
9,9,8.852180201119587e-07,566437.5000000001,2349.2779445103915,1.1222097721638766,0.0386981884687069,1.1116754563090452,0.9906128817301966,0.9906128817301966,1.6605414851876352e-24,1.6605438413932572e-24,7.932444162267385e-22,3.3210784157387696e-23,1.2636598977308944e-17,1.1222114137369382e-06,1.1222130060854978e-06,0.0010000014628041,0.0010000028817443,2.000183924300505,2.0001068858308813,1.5504734020175046,2.000093750895356,1.0000014189381252,1.0628879284855257e-23,5.960888501386323e-27,1321.663042528913,0.0172267507327804,6.14838194304144e-22,0.005782887266221,0.0172267507327804,0.005782887266221,0.0,0.0,9.461299647818364e-23,1.7325792574674794e-29,0.0,0.0,1.7325792574674794e-29
10,10,1.4611051058350443e-06,566437.5000000001,2333.6848498290947,1.128537092751474,0.0386580757354932,1.1116754563090452,0.9850588549098386,0.9850588549098386,1.6607155474716663e-24,1.6605450752338348e-24,8.760297311580559e-22,3.3211054716706584e-23,1.2654693590321412e-17,1.1286570399510052e-06,1.1285411834506928e-06,0.0010001062855623,0.0010000036247804,2.00024961846734,2.001759186710609,1.5517550291005966,2.001742614756435,1.0000017906740997,1.1734256755489394e-23,6.617910694710848e-27,1198.8754434651862,0.0172267507327844,6.790045124099648e-22,0.0057828872662219,0.0172267507327844,0.0057828872662219,1.166012542497292e-27,3.17090627702111e-33,1.3529533160562423e-20,3.257390056531069e-27,2.7452981470721676e-34,7.46568566767006e-40,3.257389782000509e-27
11,11,2.2535612368896225e-06,566437.5000000001,2312.0127767462204,1.1371375193754136,0.0385909443865504,1.1116754563090452,0.9776086334040286,0.9776086334040286,1.664833405784183e-24,1.6691156167156726e-24,2.9601779078426278e-21,3.322517574175666e-23,1.755007512748088e-17,1.140078290975319e-06,1.1430107499849748e-06,0.0010025861178175,0.001005164925534,2.0791815986826534,2.05584363665521,1.5944011048295756,2.0511274687492342,1.0025721558184812,3.956251494317684e-23,2.248259090337633e-26,493.1432646185989,0.0172267507327809,2.294413175114931e-21,0.0057828872662211,0.0172267507327809,0.0057828872662211,7.72718455898447e-20,3.026315151911444e-29,2.6950262109063907e-19,1.3519856143169013e-25,2.7465896574557566e-26,1.0759671546588028e-35,1.0773266484637286e-25
12,12,3.189935952984185e-06,566437.5000000001,2285.600489282752,1.1473575713035498,0.0384929587172886,1.1116754563090452,0.9689006148676346,0.9689006148676346,8.125488582995989e-24,8.126327191806575e-24,3.6942020309902224e-21,1.988037572511892e-21,6.2532886841534e-17,5.614346023205446e-06,5.614925464059081e-06,0.0048932836315594,0.0048937886535927,2.003263068935833,2.002305268454029,1.5522042106650766,2.002113804783769,1.0001032073412823,5.155395202918611e-23,2.956039455560849e-26,1348.4179733598137,0.0172267507327829,2.8633501347956507e-21,0.0057828872662222,0.0172267507327829,0.0057828872662222,2.633424770150276e-14,7.405970844310759e-26,2.751857243512317e-18,9.733249104126589e-21,9.73187764156201e-21,2.7407690807228256e-32,1.3714625371718998e-24
13,13,4.291741145517825e-06,566437.5000000001,2254.5219641952517,1.1592088505782794,0.038361744345044,1.1116754563090452,0.9589949695039666,0.9589949695039666,1.0237739058473764e-19,1.0237739142295616e-19,3.871013513962425e-17,3.09598092585512e-17,7.748429283756883e-13,0.0714688262379691,0.0714688268231226,61.65310608378845,61.65310658857543,2.0000996465712078,2.0000995714148195,1.5504647863897645,2.0000995559149817,1.0000000092013754,5.515632480855344e-19,3.1952620864391133e-22,1561.695542550546,0.0172267507327834,3.000395477566515e-17,0.0057828872662217,0.0172267507327834,0.0057828872662217,2.661276793877374e-10,9.332236087855917e-20,8.5307507654847e-14,1.336895892615337e-16,1.3364675524090262e-16,4.685439425477524e-26,4.2833973776706536e-20
14,14,5.629840594700593e-06,566437.5000000002,2219.876630646224,1.1724102158262186,0.038202397663283,1.1116754563090443,0.9481966647020614,0.9481966647020614,1.5013118314231542e-16,1.5013118314315363e-16,5.67972416794487e-14,4.5405601502819527e-14,1.1366599754558076e-09,105.99891172618908,105.99891172678088,90411.112335361,90411.11233586576,2.0004228272718336,2.000422832140558,1.5507153737539714,2.00042283035705,1.0000000058095344,8.09255838940117e-16,4.741490810139278e-19,1561.4308060328567,0.017226750732771,4.4023144444885125e-14,0.0057828872662194,0.017226750732771,0.0057828872662194,2.406672461923634e-07,4.1296702099577146e-15,2.3316732283760105e-10,1.286192915025692e-13,1.2849511343326697e-13,2.196714534227315e-21,1.2417587258769139e-16
15,15,7.217194488352733e-06,566437.5000000001,2186.334162355878,1.1852972503346555,0.0380387297197549,1.1116754563088875,0.9378874843378048,0.9378874843378048,2.9190907705235673e-14,2.9190907705238854e-14,1.1055968131546512e-11,8.830027155053656e-12,2.211633269607815e-07,20836.54853510541,20836.54853510768,17579175.628073413,17579175.628075328,2.00107966510269,2.001079665110724,1.5512245465974683,2.0010796651076177,1.0000000000099505,1.575176316060238e-13,9.330521709484816e-17,1560.8528385752863,0.0172267507327658,8.569403506952896e-12,0.0057828872662187,0.0172267507327658,0.0057828872662187,2.839170887566916e-05,8.770549681381306e-12,6.562216153003169e-08,2.0992144357742542e-11,2.0944299658216087e-11,6.346022330053364e-18,4.7838353504122484e-14
16,16,9.175888633658572e-06,566437.5000000002,2156.059623169434,1.1970699382053598,0.0378845801724703,1.1116754563012834,0.9286637487262446,0.9286637487262488,1.4357875551226129e-12,1.4357875551322058e-12,5.448775001428539e-10,4.344441823304595e-10,1.0891531966474702e-05,1035048.2956284692,1035048.2956353846,864651481.5836136,864651481.5893906,2.0022251663850823,2.0022251663889663,1.5521125320844704,2.002225166386953,1.000000000006681,7.762210941681601e-12,4.643596154108675e-15,1559.8453661744652,0.0172267507327656,4.2233073621665374e-10,0.0057828872662187,0.0172267507327656,0.0057828872662187,0.000829292673956,2.3539093038470383e-09,3.901382660242029e-06,7.270661414566146e-10,7.238404691959922e-10,1.8630507034151702e-15,3.2238092099187867e-12
17,17,1.1735157048749052e-05,566437.5000000001,2129.420550105292,1.2075848667084643,0.0377451617263112,1.1116754561558315,0.9205774987773284,0.9205774987774136,2.825428217499252e-11,2.8254282181404598e-11,1.0756840428985876e-08,8.553161088581568e-09,0.0002147564629213,20547209.32216784,20547209.326830864,17015126546.073517,17015126549.934963,2.0040801238265806,2.004080123960018,1.5535504836899363,2.004080123891849,1.000000000226942,1.5321333112741892e-10,9.246208755488948e-14,1558.2161625476294,0.0172267507327657,8.337551718592927e-09,0.0057828872662187,0.0172267507327657,0.0057828872662187,0.0094529880611873,1.589920934020854e-07,8.225592359302837e-05,1.342176275382086e-08,1.3315487057965153e-08,1.9013295906093568e-13,1.0608556289664577e-10
18,18,1.4843534579690673e-05,566437.5000000002,2108.2780866971034,1.21607974900391,0.0376332858157389,1.111675455013987,0.9141468361137988,0.9141468361145182,2.3781962672336235e-10,2.3781962748064843e-10,9.094586113116583e-08,7.203403073254539e-08,0.0018126295709826,174164908.01817092,174164908.57276207,143218327713.1531,143218328169.20142,2.0066593922055977,2.0066593940778,1.555549917889767,2.006659393119528,1.0000000031842873,1.2950585953548544e-09,7.870475168715662e-13,1555.9572441908258,0.0172267507327656,7.049150034147644e-08,0.0057828872662187,0.0172267507327656,0.0057828872662187,0.0477756677829648,3.0832746662711496e-06,0.0006920315394376,1.0173677587976521e-07,1.005219905605406e-07,4.487660356899509e-12,1.2102976588677192e-09
19,19,1.8687073262390325e-05,566437.4999999999,2090.97294505114,1.2231647137011323,0.0375418391991173,1.111675449818197,0.9088517984257546,0.9088517984293608,1.1851339673111044e-09,1.1851339976011866e-09,4.559759612388754e-07,3.591973146362677e-07,0.0090670080786397,872977991.3695778,872978013.6814649,713704361801.0067,713704380042.1208,2.010179391948156,2.0101794069654675,1.5582786100507502,2.0101793992528925,1.0000000255583616,6.490848574910457e-09,3.967673268961404e-12,1552.889451664042,0.0172267507327657,3.534237757232087e-07,0.0057828872662187,0.0172267507327657,0.0057828872662187,0.1476834244118446,2.796706608535092e-05,0.0033599315194169,5.065947919478155e-07,4.97419035050664e-07,6.244956505014849e-11,9.113307332101267e-09
20,20,2.353913390977147e-05,566437.5000000001,2076.267177614217,1.229297195686162,0.0374647049890087,1.1116754329765706,0.9043178792546273,0.9043178792675898,4.226695156860725e-09,4.22669576318321e-09,1.639872764470286e-06,1.2818015162791333e-06,0.0325048373552296,3129022761.689079,3129023210.549663,2545375335329.3374,2545375700465.275,2.015031225526399,2.0150313097513037,1.5620397750010104,2.0150312663029304,1.000000143450725,2.333247508819248e-08,1.43339930100587e-11,1548.692498507976,0.0172267507327657,1.2710539006268383e-06,0.0057828872662187,0.0172267507327657,0.0057828872662187,0.3341982146113035,0.0001572869125616,0.0116106096594924,1.8194319649239912e-06,1.7723600480216824e-06,4.96920647234082e-10,4.65749962550748e-08
21,21,3.0076492806542635e-05,566437.5000000001,2062.8520903074264,1.234991210850121,0.0373950522229085,1.1116753865252966,0.9001484194855618,0.9001484195243306,1.249633745369206e-08,1.2496345837982813e-08,4.908206532869906e-06,3.790700625912289e-06,0.0968340489469794,9293889755.87328,9293895991.51426,7525470363044.706,7525475412182.648,2.02215791207425,2.022158305667616,1.5675645780369116,2.0221581013739107,1.000000670939848,6.978374920341082e-08,4.306928581800648e-11,1542.594515496187,0.0172267507327657,3.80431652616758e-06,0.0057828872662187,0.0172267507327657,0.0057828872662187,0.6240117381014977,0.0006776346388236,0.0332893098773396,5.433115825821451e-06,5.227440583477781e-06,3.2901568502666425e-09,2.023850854934023e-07
22,22,3.923558163863314e-05,566437.5000000001,2050.2128990574706,1.240450493664654,0.0373302231120724,1.1116752722943857,0.8961867305241431,0.8961867306263734,3.2381716607828706e-08,3.2381807185871513e-08,1.2957733035459855e-05,9.815293455260444e-06,0.253831539707841,24189684791.37042,24189752454.68584,19500725675804.285,19500780223177.004,2.032999964426931,2.033001603710347,1.575970235434378,2.0330007452732266,1.0000027971970695,1.8401465988828129e-07,1.1407261804112001e-10,1533.4552485814609,0.017226750732766,1.004344817161632e-05,0.0057828872662188,0.017226750732766,0.0057828872662188,1.0086044152301492,0.0024266217203986,0.0839189170583753,1.4391807657433261e-05,1.3594771495695022e-05,1.7957217064113273e-08,7.790789446741259e-07
23,23,5.0550436176112e-05,566437.5000000001,2039.5536360094488,1.2451317988464483,0.0372762866786933,1.111675056656676,0.8928171762110539,0.892817176433083,6.874379822738694e-08,6.874442773463101e-08,2.8187217878622075e-05,2.0781737785933597e-05,0.547039161053456,51546567862.81941,51547039889.95078,41398483205211.45,41398862303337.3,2.047247660956279,2.047253021816253,1.5870178463691882,2.0472501829485763,1.0000091572950622,3.996523695307363e-07,2.486837172263997e-10,1521.646902961128,0.0172267507327662,2.184771526711354e-05,0.0057828872662188,0.0172267507327662,0.0057828872662188,1.4081498914780688,0.0066246271343161,0.1745008472321191,3.1326204573037924e-05,2.88818258118891e-05,7.25220937722547e-08,2.3718566673765686e-06
24,24,6.528865415887903e-05,566437.4999999999,2029.8554224066404,1.249457170863885,0.0372279110665324,1.1116746630796406,0.8897261058664536,0.8897261063071366,1.3235534603390557e-07,1.323588844168122e-07,5.6067622075432274e-05,3.979796387872994e-05,1.0746179825499995,99589549304.68356,99592211727.99702,79706252944890.08,79708383808896.89,2.06638372428112,2.066399352505296,1.6018599631824,2.0663909530424283,1.0000267339628712,7.932294042591096e-07,4.953018681372914e-10,1506.0278618975244,0.0172267507327661,4.345762139715134e-05,0.0057828872662188,0.0172267507327661,0.0057828872662188,1.8438251529894736,0.0157923690175853,0.3307692601079158,6.233266302566357e-05,5.562479393111376e-05,2.502227987269805e-07,6.457646295822831e-06
25,25,8.609490536293641e-05,566437.5000000001,2020.3591954500605,1.2537576342632497,0.0371812825826768,1.1116738990838153,0.8866736829379885,0.8866736838031136,2.489629190903326e-07,2.489821125729748e-07,0.0001103963232057,7.422912083351584e-05,2.079064396297215,187974597347.1677,187989089011.9688,149928975274099.06,149940533859590.44,2.0933991738917777,2.0934441319530137,1.6228249084907078,2.093419454290403,1.0000770937403545,1.557225229365415e-06,9.756973101520764e-10,1484.2050978199973,0.0172267507327632,8.556741734218841e-05,0.005782887266219,0.0172267507327632,0.005782887266219,2.383229324020773,0.0361293769650602,0.6155860306829517,0.00012277215659421513,0.00010468090375512938,8.340054673880036e-07,1.7257247371697746e-05
26,26,0.0001145280659911,566437.5,2011.5066944326963,1.257827975976817,0.0371385479713452,1.1116724566532892,0.8838032528176003,0.8838032544840757,4.5288123736555894e-07,4.52978502786193e-07,0.000213419191781,0.0001338780189183,3.926106301360521,343049257435.77325,343122934213.63403,272731457709361.7,272790032315164.62,2.1296948324677745,2.1298195937968933,1.651022940927824,2.1297491416174066,1.0002147702589752,2.9996557555322204e-06,1.885572851680882e-09,1455.0150393310785,0.0172267507327619,0.0001654197216145,0.0057828872662193,0.0172267507327619,0.0057828872662193,3.019616001803774,0.0778718120618206,1.1162538676264553,0.00023721828373663163,0.0001903243615626486,2.593321648657033e-06,4.430060052532601e-05
27,27,0.0001506340498819,566437.5000000001,2003.839677312748,1.261402914293509,0.0371021425274054,1.1116699634629836,0.8812964920773246,0.8812964951289057,7.714982180791024e-07,7.719258540475309e-07,0.0003922862425158,0.00022750614757,7.00819153159974,586056736850.8005,586381583926.7163,464607089622146.06,464864618023448.06,2.175664029912197,2.175984562522151,1.6868097383892642,2.175797283507966,1.000554292878982,5.492846060540591e-06,3.4626044380953103e-09,1418.353243110608,0.0172267507327609,0.0003040583205692,0.0057828872662196,0.0172267507327609,0.0057828872662196,3.6154106488310216,0.1518920866082242,1.914752468792704,0.00043592393027016283,0.00032427727722905795,7.125808112635947e-06,0.00010452084492846897
28,28,0.0002024075945305,566437.5000000001,1996.453694873705,1.2648901298613855,0.0370675799715216,1.111665171705032,0.8788630296505319,0.8788630353642007,1.2995099214529434e-06,1.3014703953613347e-06,0.0007377378973888,0.0003874607221337,12.63493152374964,989881729803.7375,991375090702.0552,782583171798656.5,783763796789762.4,2.2438426333877834,2.244711659689856,1.7400865578991138,2.2441810831268247,1.0015086255795564,1.0284604012200856e-05,6.5012051968315325e-09,1365.712603535109,0.0172267507327605,0.0005718154800987,0.0057828872662196,0.0172267507327605,0.0057828872662196,4.04076727132106,0.2883282052197721,3.301660416270145,0.0008201125543815811,0.000547054732970116,1.9643597883760826e-05,0.00025341422352770436
29,29,0.000272179083645,566437.5000000001,1989.9559205684932,1.2679889820828705,0.0370374539110014,1.1116566560548866,0.8767084507538989,0.8767084611984847,2.0489129837687817e-06,2.057217537706296e-06,0.0013550414060409,0.0006314710522048,21.90958276841996,1564551631021.4446,1570892995203.7068,1233884247520371.8,1238885366829662.2,2.34186738110837,2.3442035185778374,1.8172120299046688,2.3427044401248738,1.0040531511114927,1.880025415812102e-05,1.191340819678316e-08,1295.5108644304487,0.0172267507327607,0.0010502831085285,0.0057828872662196,0.0172267507327607,0.0057828872662196,4.076573585422257,0.5011061294769463,5.461182510667171,0.0015069779109062706,0.0008658423366838632,5.0044183560084807e-05,0.0005910913906623226
30,30,0.0003604765086127,566437.5000000001,1984.644791739007,1.2705334269584985,0.0370127259881046,1.1116426863818565,0.8749417077856761,0.8749417259911912,2.947541901430766e-06,2.9776550633796474e-06,0.0023733237608227,0.0009651186358978,35.71010624780179,2255261927909.268,2278302505428.8994,1775051234431579.5,1793185804550516.0,2.4747007289283243,2.4806414215652937,1.9229777281773104,2.47664261367276,1.01021636433201,3.276992719130269e-05,2.0807689180064623e-08,1211.381343893362,0.0172267507327461,0.0018395466337405,0.0057828872662182,0.0172267507327461,0.0057828872662182,3.7759721568153055,0.7784665614694766,8.487256684614854,0.002638715159617266,0.001251961718001194,0.00011294712725865564,0.0012738063143574163
31,31,0.0004543719146547,566437.5,1980.920140461014,1.272309388477148,0.036994902510287,1.1116238131396492,0.873705580739425,0.8737056094300746,3.78591152792276e-06,3.868170464791823e-06,0.0037552042102927,0.0013429143978202,52.53191645170676,2900775361529.0137,2963802375122.824,2279929227749399.0,2329466717737779.5,2.623232634090035,2.636071470866117,2.043412392230763,2.6271294574631514,1.0217276437292224,5.164316934763484e-05,3.283789215732576e-08,1130.754173596322,0.0172267507323888,0.0029106324969575,0.0057828872661913,0.0172267507323888,0.0057828872661913,3.397269544669193,1.0558189151964552,11.984792795003134,0.004175393839851098,0.0016268529038473126,0.0002088336711978689,0.0023397072648059167
32,32,0.000532826386322,566437.5000000001,1978.7216327204487,1.273341701363132,0.0369838272431583,1.1116046307579126,0.8729821928928604,0.8729822322403888,4.383125006457456e-06,4.543046203980357e-06,0.0051637620809408,0.0016793151392673,68.23296892128053,3361086770201.7275,3483718230741.218,2639579593288771.0,2735886390127523.5,2.7512318571562338,2.773146584255978,2.1489829001497696,2.757617507903374,1.036485657444699,7.082555113712011e-05,4.50725441250097e-08,1070.914140525533,0.0172267507328233,0.0040023958425878,0.0057828872662245,0.0172267507328233,0.0057828872662245,3.1104763634386625,1.26309265848655,15.129445341828806,0.005740351821186297,0.0019095653246070435,0.0003102328156340914,0.0035205536809451623
33,33,0.0005425433863847,566437.5000000002,1978.4920286103545,1.273448107772737,0.0369826259495632,1.111602026570821,0.8729072035098585,0.8729072443041577,4.450357089821952e-06,4.622585283901598e-06,0.00535520087953,0.00172248097209,70.28269483629057,3412927141928.248,3545006942788.2783,2680067700518604.5,2783785943966339.5,2.767295904917336,2.790590286289912,2.1624892514194527,2.774058645794148,1.0386998594952157,7.342973822422663e-05,4.67338324731771e-08,1063.961113061724,0.0172267507327348,0.0041507787153021,0.0057828872662174,0.0172267507327348,0.0057828872662174,3.0770385493829058,1.287115362870459,15.533739447302482,0.005953142255950553,0.001942981976824591,0.00032400611456189524,0.0036861541645640673
34,34,0.0005698609608439,566437.5,1977.8891888664025,1.2737255957795708,0.0369794136352895,1.1115944262151578,0.8727110689291109,0.8727111139458298,4.631246444625591e-06,4.841650936602566e-06,0.0059141502188638,0.0018457519571474,76.1702812758898,3552423000865.679,3713814921101.721,2789001816903471.0,2915710364467252.5,2.8127025953903897,2.8402157637462486,2.200952954198612,2.820620275951146,1.0454315041301987,8.103009393811163e-05,5.1582614747565566e-08,1044.926100840864,0.0172267507327721,0.0045840164355728,0.0057828872662174,0.0172267507327721,0.0057828872662174,2.985075534943325,1.3525261834109026,16.688446795469673,0.006574426594981342,0.002035016016415794,0.00036409197439860285,0.0041753186041669456
35,35,0.00066249966456,566437.5000000001,1976.243993785097,1.2744616684466707,0.0369700066447934,1.1115654696089718,0.8721843089747542,0.8721843700784765,5.152726782788776e-06,5.536773205282608e-06,0.0080461959756772,0.0022864169723652,97.52277504366452,3954711422380.551,4249466575872.065,3103044618988502.5,3334322781987917.0,2.9695237284804064,3.0156170372577296,2.337678894580709,2.9826084093629346,1.074532657888369,0.0001099867000817,7.00582682340183e-08,985.600524048628,0.0172267507328012,0.0062365501773524,0.005782887266222,0.0172267507328012,0.005782887266222,2.690138532967746,1.5504035017597473,20.810123582181536,0.008944173202022091,0.0023269953658614805,0.0005138743844610246,0.006103303451699585
36,36,0.0007810536749149,566437.5,1974.832315520534,1.2750395503685086,0.0369603495023486,1.111520755112993,0.8717539426849499,0.8717540286300588,5.6001936670975945e-06,6.3245221286329335e-06,0.0113437213054122,0.0029070705706969,128.01371728809576,4300090617472.4985,4856263886928.488,3372515477053004.5,3808716275134324.0,3.1776966551357333,3.2597691529821717,2.5315517425091034,3.2012934548769145,1.1293398951166516,0.0001547011960826,9.858872409584449e-08,919.7724859788664,0.0172267507328065,0.0087924389777431,0.0057828872662217,0.0172267507328065,0.0057828872662217,2.33449381225174,1.7496840347853122,26.575458148636724,0.012609151767588471,0.0026578908118343064,0.0007319789625635313,0.009219281993190633
37,37,0.0008949836405934,566437.5000000001,1974.019993498131,1.2752995340259288,0.0369526795401254,1.1114689532263724,0.871535606790063,0.8715357215139977,5.782684209073351e-06,6.978704850400738e-06,0.0151688788258328,0.0035709670209509,160.7095246267249,4441120761335.195,5359668603330.473,3482413850897636.0,4202674321075618.5,3.387541111891559,3.521562396843096,2.746272231781301,3.427386611703067,1.2068279363155894,0.0002065030826871,1.3163424871272706e-07,864.9926421726942,0.0172267507327948,0.0117572917957074,0.0057828872662215,0.0172267507327948,0.0057828872662215,2.006585815422202,1.888177966760816,32.67246738015839,0.01686035470795432,0.002932608814080774,0.0009628632832347527,0.012964882610638793
38,38,0.0009770883576256,566437.5000000001,1973.697576247112,1.2753391579089677,0.0369477919900807,1.1114257928362794,0.8714746865128498,0.8714748252147793,5.762122779519603e-06,7.390017551368966e-06,0.0183586677074011,0.0040947902113146,186.35638812770227,4425467010974.101,5675734470696.156,3470031468515440.5,4450372620881514.5,3.545675306844957,3.730841592380004,2.923905632654093,3.602467074422464,1.2825165020147458,0.000249663472911,1.591577260265103e-07,829.6019197758064,0.0172267507329279,0.0142296748292797,0.005782887266222,0.0172267507329279,0.005782887266222,1.779618010796955,1.959859584282184,37.42808786317819,0.020404532916855265,0.0031052889510463774,0.0011385493361298986,0.01616069462967899
39,39,0.0009770883740387,566437.5000000002,1973.6975762022576,1.275339157905634,0.0369477919891444,1.1114257928271376,0.8714746865079596,0.871474825209894,5.762122763017872e-06,7.390017628702171e-06,0.0183586683832378,0.0040947903200724,186.356393430116,4425466998288.755,5675734530075.325,3470031458577865.0,4450372667452660.0,3.545675339072008,3.730841636164572,2.9239056703920547,3.602467110566748,1.2825165191086108,0.0002496634820528,1.5915773185517537e-07,829.6019129967366,0.0172267507329279,0.014229675353116,0.005782887266222,0.0172267507329279,0.005782887266222,1.7796179663682792,1.9598595964955023,37.428088845477234,0.020404533667831647,0.0031052889835100667,0.001138549371881545,0.016160695312440035
40,40,0.0009770974012217,566437.5,1973.6975515337865,1.2753391560709384,0.0369477914741956,1.1114257877991287,0.8714746838191705,0.8714748225238982,5.762113686135968e-06,7.390060161597795e-06,0.0183590400964364,0.0040948501372257,186.35930977134944,4425460020630.14,5675767188330.833,3470025992351780.5,4450398281361267.0,3.5456930640267825,3.730865717825085,2.923926426444637,3.602486990007329,1.282525920892324,0.0002496685100616,1.591609376467028e-07,829.5981845094775,0.0172267507329279,0.0142299634654142,0.005782887266222,0.0172267507329279,0.005782887266222,1.779593530693819,1.959866313760358,37.42862911237016,0.020404946706458166,0.0031053068383728446,0.0011385690352728082,0.016161070832812513
41,41,0.0009849748236996,566437.5000000002,1973.676887963917,1.2753370545181406,0.0369473437670021,1.1114213759361051,0.8714726605007432,0.871472801656506,5.753635864063314e-06,7.42695397057541e-06,0.0186852119872887,0.0041472404170437,188.91231466766695,4418941540997.305,5704093237571.179,3464920528531894.0,4472616252592417.5,3.561189373865564,3.751974815985084,2.94214835330933,3.6198899265373,1.2908279470662176,0.0002540803730868,1.6197382800848486e-07,826.3573535741762,0.0172267507329278,0.0144827770148097,0.005782887266222,0.0172267507329278,0.005782887266222,1.7583174773623669,1.965635403610912,37.90157236864062,0.02076737998757711,0.003120794245774658,0.0011557533545925585,0.0164908323872099
42,42,0.0010461988881634,566437.5000000001,1973.573296130326,1.2752874144787796,0.0369439664932388,1.1113854034922153,0.8714783748935903,0.8714785360340441,5.650814616013294e-06,7.69879180754428e-06,0.0213453316682426,0.0045677872005796,209.30767294543176,4339803231179.354,5912641598235.578,3403000125232999.0,4636320825491815.0,3.683621707394688,3.92274009791709,3.091593634895291,3.7590677178106446,1.362421585328144,0.0002900528169731,1.849047073527494e-07,801.9970120546789,0.017226750732921,0.0165446171586716,0.0057828872662223,0.017226750732921,0.0057828872662223,1.5963766563121446,2.0044089263058447,41.68036920924346,0.02372313770950311,0.0032348944124212676,0.0012908844122129436,0.019197358884868898
43,43,0.0011137376881161,566437.5,1973.570002108405,1.2751668907381302,0.0369404133693157,1.111342131330198,0.8715268090805729,0.8715269942611168,5.466562184314766e-06,7.968934020402675e-06,0.0245465984507505,0.0050604426215573,232.9470864442517,4197901324757.2783,6119531353203.667,3292040716589907.5,4799004269677498.0,3.822843894768439,4.125973724575143,3.274053183250372,3.9212491417071593,1.4577596946153797,0.0003333249789826,2.124783104200669e-07,776.6712003591383,0.0172267507329155,0.0190258966329167,0.0057828872662221,0.0172267507329155,0.0057828872662221,1.4255052176914749,2.035605182846581,46.06782896063087,0.027279957125733882,0.0033482549806055735,0.0014425824955978572,0.022489119649530452
44,44,0.0011543144461805,566437.5000000002,1973.6208473380825,1.275062638036403,0.0369383448851101,1.11131423855596,0.8715761919488006,0.8715763926253303,5.324023305238829e-06,8.116850275053323e-06,0.0266107597151889,0.0053717475089653,247.72685142755688,4088108120930.1294,6232610118961.7,3206201796662960.5,4888081520888984.0,3.9086098542716674,4.256279633231842,3.3935480718147364,4.023438076710312,1.5245707634424457,0.0003612177532098,2.3024553838754005e-07,762.1507382118149,0.0172267507329047,0.0206258135798481,0.005782887266222,0.0172267507329047,0.005782887266222,1.3271784964462343,2.048972277235839,48.818989862151895,0.02957313956125101,0.003410302324225005,0.0015346867846255526,0.024628150452400452
45,45,0.0011566796182555,566437.5000000001,1973.6249953785984,1.2750558396001983,0.0369382255700172,1.1113125675154782,0.8715795285200506,0.8715797301249361,5.315045600160057e-06,8.125149127106528e-06,0.0267344372660079,0.0053902608872766,248.60174523495849,4081192733859.167,6238949215801.785,3200795296258436.5,4893079206443261.0,3.913658290110168,4.264076475165496,3.400757818215835,4.029510893745508,1.528707322259259,0.0003628887936908,2.313097988041907e-07,761.3193038449866,0.0172267507329039,0.0207216751837448,0.005782887266222,0.0172267507329039,0.005782887266222,1.3215527207404654,2.04963243227182,48.98209639465836,0.02971053951101292,0.0034137833470577273,0.0015400732710010158,0.024756682892954178
46,46,0.0011985832358621,566437.5000000001,1973.719672144228,1.2749223804810046,0.0369361310523751,1.1112821169423694,0.8716468813757142,0.8716470998975847,5.144807867149612e-06,8.26642661625071e-06,0.0289884260366941,0.0057251687202631,264.34732961256134,3950061077355.257,6346765684712.7705,3098275736492266.0,4978158499592934.0,4.00399908187207,4.406067440420434,3.533196779653066,4.139325330085132,1.6067512781251094,0.0003933393667848,2.506999968738759e-07,746.8473406594222,0.0172267507328881,0.0224687261019757,0.0057828872662222,0.0172267507328881,0.0057828872662222,1.22387199189798,2.0592096806582463,51.92312478169464,0.032214545418861186,0.0034730356173878173,0.0016357578503250207,0.027105751951148345
47,47,0.0012055691509468,566437.5000000001,1973.7393130932787,1.2748977512321098,0.0369357850645857,1.1112768826763293,0.8716596147434953,0.8716598361732912,5.114489091807537e-06,8.288937094760543e-06,0.0293759224735377,0.0057822958646073,267.0175200457867,3926707184465.051,6363925752371.104,3080017343092911.5,4991714626699093.0,4.019225167360598,4.430469705886533,3.556170100021669,4.1580538119391095,1.6206774412791196,0.0003985736328216,2.540324138765609e-07,744.4807505097989,0.017226750732885,0.022769071877697,0.0057828872662221,0.017226750732885,0.0057828872662221,1.2079599926965146,2.0604208496310155,52.42300959603069,0.032645009541898695,0.0034824750743110075,0.0016517488941914995,0.027510785573396184
48,48,0.0012312412520276,566437.5000000002,1973.820818615847,1.274801449479531,0.0369345201991884,1.111257252470201,0.871710063495691,0.8717102958311571,4.9987570294385625e-06,8.369161313312689e-06,0.0308292823914034,0.0059954822254468,276.9411277032369,3837562677701.069,6425033445411.466,3010321865626877.0,5040026780668193.0,4.075582126862964,4.52201516278812,3.642891422518354,4.227955630812435,1.6742484709749288,0.0004182038389408,2.665283742928587e-07,735.8919455329318,0.0172267507328733,0.0238955609765111,0.0057828872662223,0.0172267507328733,0.0057828872662223,1.1504208853582951,2.063937297231877,54.28400026210815,0.03425949010938516,0.0035161121882277147,0.0017105833888383468,0.029032794532319103
49,49,0.0013245095577622,566437.5,1974.2379392936227,1.2743756485050015,0.0369299862049259,1.111180522525389,0.8719411139320966,0.8719413888953098,4.531324596842791e-06,8.62896869431549e-06,0.0365117969531489,0.0068148681287389,314.4684225143386,3477551280905.5137,6622275781505.105,2728827473269052.5,5196486443596003.0,4.285616713355811,4.881373259796001,3.99096625777832,4.497343672723633,1.9042927757433048,0.0004949337836927,3.153460810245085e-07,706.0160319630776,0.0172267507328128,0.0283000382357018,0.0057828872662222,0.0172267507328128,0.0057828872662222,0.9540946151963476,2.064404462840781,61.37442739923903,0.04057152095856129,0.003624997698105706,0.0019246840248130052,0.03502183923564259
50,50,0.0013666550591162,566437.5,1974.4874960384025,1.2741444406454725,0.0369279534065873,1.1111429401500736,0.8720698413024325,0.872070137144743,4.302602392824839e-06,8.73102927982825e-06,0.0392959528425082,0.007209449208224,332.18749261534447,3301420041185.3027,6699386188384.463,2591087741600809.0,5257948765204832.0,4.3831973546859,5.059078098979972,4.167193503062249,4.627932746392148,2.0292438116960136,0.0005325161589742,3.392415337966575e-07,693.1391301565168,0.0172267507327791,0.0304580179764449,0.0057828872662222,0.0172267507327791,0.0057828872662222,0.872092368612889,2.058195016321675,64.75622074568811,0.04366353766462167,0.0036677375254032933,0.002021233583339545,0.037974566555878844
51,51,0.0013708205751812,566437.5000000002,1974.5142018283464,1.2741202794902566,0.036927752611659,1.1111391234466623,0.8720833828115515,0.8720836807742528,4.279595882134048e-06,8.740626217535122e-06,0.0395787282221555,0.0072493079227089,333.9646183314179,3283704698949.3936,6706622815042.08,2577232896931144.0,5263728176216793.0,4.39293040283799,5.077212923109029,4.185317394984919,4.641171373099278,2.042395230359128,0.000536332862382,3.416676744404294e-07,691.8859150768022,0.0172267507327755,0.030677195193781,0.0057828872662222,0.0172267507327755,0.0057828872662222,0.8642179249493632,2.057358586566428,65.09673957018113,0.043977590477372014,0.0036717557445379335,0.002030757968972512,0.038275076763861576
52,52,0.0013892165450513,566437.5000000001,1974.6365169096475,1.2740107578812203,0.0369268657174007,1.1111220441057066,0.8721449463688906,0.8721452538201148,4.177315393318931e-06,8.781982044803038e-06,0.0408441796762214,0.0074272223020211,341.8685345410464,3204950061523.098,6737775639302.165,2515638146457398.5,5288633237687580.0,4.436102270079696,5.158591602983885,4.266952078351527,4.700387982499751,2.1023028471464524,0.0005534122033221,3.525230815679365e-07,686.3919202257727,0.0172267507327595,0.0316580377576637,0.0057828872662222,0.0172267507327595,0.0057828872662222,0.8299402385667732,2.0531775756229305,66.61433585094085,0.04538298565767762,0.003689068934470055,0.002072769670621788,0.039621147052585785
53,53,0.001477195345764,566437.5000000001,1975.3199079469528,1.2734231142985089,0.0369226069432748,1.1110351573734707,0.872479182212353,0.8724795379339838,3.679539634804519e-06,8.957714910727825e-06,0.0472832942803019,0.0083222121297561,380.9285872821943,2821740809768.9624,6869432655865.246,2215870575997339.5,5394462043866239.0,4.646718648365263,5.579686986333173,4.696706110788519,5.002261725354022,2.4344662103914847,0.0006402989354729,4.077136028807973e-07,660.9804100432158,0.0172267507326741,0.0366489504134657,0.0057828872662223,0.0172267507326741,0.0057828872662223,0.6772756611538356,2.0218452442508914,74.19448489974756,0.052533606709242474,0.003762583443835987,0.002272092100754724,0.04649893116465177
54,54,0.0015191525950347,566437.5000000001,1975.7031828458416,1.2731053345732437,0.0369205553665606,1.110990560416028,0.8726619316134137,0.872662312111132,3.441966847839372e-06,9.029536197387246e-06,0.0505892092040449,0.0087759885704438,400.2936113931364,2638893881594.9165,6922782489866.976,2072800898662087.5,5437713833936259.0,4.749490010784731,5.801645970732708,4.937538607592281,5.158684437247449,2.6233652433507206,0.0006848958928717,4.36019613641917e-07,649.3285012819975,0.0172267507326292,0.0392113419294449,0.0057828872662224,0.0172267507326292,0.0057828872662224,0.6109974066696402,2.0038324260772065,78.00686683253892,0.05620409081944426,0.0037925943859268654,0.0023658466450083406,0.05004564978850906
55,55,0.0015389253996878,566437.5,1975.8967106642,1.2729470688066025,0.0369195816596357,1.1109688051901467,0.8727533394076538,0.8727537319916086,3.3309546223030505e-06,9.060890397469388e-06,0.0522020914076359,0.0089961820552172,409.585685798526,2553465338318.4507,6945957597057.7705,2005947773391979.2,5456595774692862.0,4.798422811231465,5.91166295829085,5.05337469451228,5.235615647224043,2.7202082960843854,0.0007066511187313,4.498223462739033e-07,643.9343374868206,0.0172267507326073,0.0404614756352681,0.0057828872662225,0.0172267507326073,0.0057828872662225,0.5811938803688594,1.991774937558696,79.8500535963948,0.057994855408324726,0.003805687252318602,0.0024097369539422616,0.051779431202063866
56,56,0.0015704505322111,566437.5000000001,1976.222453643866,1.272683355687661,0.0369180183650229,1.1109331160396692,0.8729061404589561,0.8729065528702168,3.155931781087607e-06,9.107736572917916e-06,0.0548482697671226,0.0093558719120029,424.6209930224084,2418793966100.435,6980422834049.396,1900546554090434.5,5484807201142115.0,4.877078956084562,6.094901155472658,5.247608997203876,5.362936300091406,2.885910471036601,0.0007423402691729,4.724577380504826e-07,635.4572727676821,0.0172267507325713,0.0425125099584501,0.0057828872662225,0.0172267507325713,0.0057828872662225,0.5356153736058076,1.9703782325953076,82.8524421053947,0.060932718408117835,0.003825237199314721,0.0024791254941004953,0.05462835571470262
57,57,0.0016081266348106,566437.5000000002,1976.639652486056,1.27234965004914,0.0369161299183681,1.1108888044259737,0.8731002554078351,0.873100692436659,2.950929446074753e-06,9.158898863886192e-06,0.058134205169345,0.0098000354731765,442.9463265608802,2261081444691.218,7017794445232.542,1777091261512817.5,5515617853128269.0,4.972076624971831,6.3276481855011415,5.496475688085456,5.523317319839466,3.1037335969076163,0.000786651882824,5.005482716151394e-07,625.5169864611694,0.0172267507325271,0.0450594154871555,0.0057828872662225,0.0172267507325271,0.0057828872662225,0.4842443859404418,1.9412674345946848,86.54671520988214,0.0645806042418358,0.00384656844445991,0.0025609995165766443,0.05817303628079925
